type         0         1         2
0     0.314597  0.415169  0.654428
1     0.393033  0.485610  0.696131
2     0.432162  0.517797  0.715458
3     0.458786  0.539131  0.728007
4     0.478898  0.555060  0.737295
5     0.495209  0.567552  0.744585
6     0.508850  0.577879  0.750593
7     0.520282  0.586245  0.755433
8     0.530375  0.593803  0.759583
9     0.539300  0.600432  0.763371
10    0.547207  0.606624  0.767054
11    0.554325  0.612200  0.770206
12    0.560833  0.617007  0.772956
13    0.566843  0.621465  0.775449
14    0.572351  0.625464  0.777655
15    0.577467  0.629344  0.779887
16    0.582174  0.633033  0.781763
17    0.586517  0.636146  0.783600
18    0.590661  0.639090  0.785448
19    0.594543  0.642039  0.787176
30    0.626756  0.665103  0.800260
40    0.646035  0.679089  0.808028
50    0.660144  0.689321  0.813787
60    0.671319  0.697326  0.818439
120   0.709108  0.726073  0.834211
500   0.768349  0.775326  0.862652
1000  0.789603  0.794208  0.873844