type         0         1         2
0     0.841173  0.807687  0.884610
1     0.793564  0.751961  0.849606
2     0.762481  0.716699  0.826906
3     0.738926  0.690599  0.809239
4     0.719643  0.669669  0.794637
5     0.703660  0.652272  0.782310
6     0.689304  0.637219  0.771123
7     0.676770  0.623941  0.761222
8     0.665523  0.612078  0.752163
9     0.655324  0.601419  0.743903
10    0.645993  0.591614  0.736338
11    0.637424  0.582658  0.729224
12    0.629316  0.574323  0.722604
13    0.621660  0.566568  0.716010
14    0.614480  0.559398  0.710118
15    0.607779  0.552612  0.704580
16    0.600289  0.544319  0.698841
17    0.594203  0.538442  0.693763
18    0.588529  0.532717  0.688806
19    0.583119  0.527416  0.684191
20    0.577783  0.522172  0.679457
21    0.572605  0.517158  0.675088
22    0.567729  0.512373  0.670910
23    0.563014  0.507761  0.666837
24    0.558402  0.503364  0.662984
25    0.554059  0.499044  0.659074
26    0.549838  0.494964  0.655251
27    0.545737  0.491073  0.651539
28    0.541811  0.487396  0.648085
29    0.538037  0.483803  0.644549